50	50
10.3617 15.6479	16.3079 19.9861	27.1287 27.1498	27.8394 25.2428	27.746 24.4112	13.1142 12.8693	4.6091 8.7925	
71.8972 39.4336	76.004 36.2863	76.9953 34.7406	79.8196 30.2545	76.2207 31.5182	64.9136 40.1839	61.9198 43.6253	60.1844 47.1949	
35.0125 44.6307	39.0851 44.6102	57.7229 42.9349	47.4347 41.5884	43.5227 41.8746	37.3705 42.4	33.9186 43.7548	
56.2946 20.8297	56.7687 24.9084	62.9765 39.5327	64.5489 39.086	61.5533 31.1407	56.9794 20.2172	56.75 19.9823	
12.1655 27.6133	13.0057 29.8787	15.946 35.1907	17.6465 34.4054	12.3064 23.1825	11.5436 22.9635	
19.0225 89.5287	28.4443 93.8108	31.5445 94.7185	32.6715 93.2935	26.6719 90.7582	23.1626 89.2819	18.7517 89.0418	
49.3585 88.8076	52.8569 92.7052	60.4866 98.2141	64.7729 98.8626	64.1686 96.6778	51.3477 87.1469	49.9989 86.173	
85.7368 40.3146	94.7939 38.3618	99.0528 35.2521	101.0963 31.7461	81.5404 37.5774	77.259 39.4484	76.696 41.4188	76.7891 41.7311	
44.9981 23.052	46.2435 17.281	46.245 17.1877	44.1296 6.9577	41.934 13.6451	41.8915 16.2933	41.8817 19.7085	42.3677 21.2621	44.0351 23.5991	
48.262 86.3194	60.5878 79.2207	60.7018 79.1454	66.2616 72.0837	49.1147 83.2948	46.8082 84.8165	44.4899 87.3579	
49.3355 57.817	51.5604 57.7223	57.0634 54.5285	60.2012 51.7909	60.1845 51.7623	59.7423 51.1792	57.4907 50.8323	51.4574 54.3382	48.2519 57.379	
38.7372 86.7391	39.0474 73.6619	38.904 60.9706	37.509 69.4781	37.1053 72.8332	36.6295 78.8117	36.4503 86.3668	36.643 86.825	
7.2135 88.0754	12.2765 94.5078	12.9814 94.5474	13.5726 94.3798	10.5924 88.0802	10.1718 87.3707	5.7408 82.543	
74.4605 15.047	78.2659 16.7722	91.6715 22.8236	90.4676 19.1609	87.8215 17.9359	77.1111 13.1012	72.1668 12.3889	
24.3387 38.372	25.5657 43.5311	26.7325 46.4611	27.5335 48.2126	30.0104 52.7402	37.0597 61.426	36.5231 57.5107	29.3585 43.2626	25.1016 36.0101	
81.9538 77.0183	83.1263 79.3309	87.8137 87.4228	83.8719 76.914	80.9159 69.9306	80.332 68.8341	76.9999 65.5283	75.8821 64.7162	
