50	50
87.9185 18.3142	90.2238 8.5291	92.4665 -2.1138	91.7255 -6.5041	89.5791 -2.5053	86.3461 9.9591	85.0516 15.4539	86.8452 21.6847	
62.1227 26.9236	64.7145 23.5494	70.4324 13.6961	73.1521 8.8594	69.2798 9.3495	65.4111 14.5917	60.5736 22.9278	57.2718 28.9853	
25.6977 47.8535	27.1946 61.0748	29.5325 67.1161	30.1989 66.4348	29.9526 54.8167	29.9384 54.447	27.7922 45.8112	
54.2145 38.0052	56.1121 40.7126	59.2412 45.1499	63.0237 43.3706	62.5195 41.8997	57.5684 35.9239	55.0984 34.8556	
51.339 10.4568	53.7653 9.3374	54.0511 9.1982	54.4724 6.2993	53.6372 6.706	44.4583 11.5934	
94.9584 87.5711	101.911 100.5062	103.3019 99.1209	100.413 93.5405	98.2614 89.6343	94.9615 84.9603	93.7973 85.328	
31.3015 31.1984	35.8447 24.1711	37.8955 20.6949	37.494 18.8711	33.7159 23.739	28.55 31.7293	29.8569 33.2638	
81.317 66.2616	100.4122 61.2908	100.8366 57.4944	89.0479 59.8502	82.537 61.5114	80.9902 65.5948	
30.2184 80.1794	32.6269 72.2066	31.5231 68.976	29.6706 71.4191	26.8512 80.0368	24.1559 92.7813	
46.5732 48.0873	58.8831 49.4483	60.8027 46.0242	58.3217 45.317	51.98 45.4432	45.9435 46.4684	45.9448 46.5344	
75.1851 88.0762	86.1999 86.7927	86.7112 86.6613	91.9271 85.3069	98.8603 80.6547	94.4312 80.8716	72.3468 86.5498	
39.1023 52.1521	45.1315 60.2258	48.8003 64.6615	49.4538 64.9543	52.6304 64.8813	42.6343 50.7967	40.4273 48.3236	36.9497 45.4026	36.6121 45.6547	
53.2454 96.7669	55.9604 97.2431	57.0985 97.2594	65.722 93.9854	67.907 92.5063	63.564 90.4485	51.336 94.6721	
83.2235 60.8071	84.7304 57.1722	86.8165 52.0051	85.128 50.773	80.8208 56.1564	79.0772 60.3624	80.7563 61.0943	
78.1964 41.7169	80.1882 41.6692	88.5996 40.9768	94.406 40.0762	93.3773 39.1466	90.8965 38.55	77.5116 40.626	76.445 41.3969	
33.8231 36.4985	38.9164 33.1975	39.0762 33.0855	44.151 28.1854	35.6323 32.7646	28.6306 37.3024	
