50	50
24.854 49.8049	28.9631 50.3467	28.8771 49.7716	22.3353 33.9033	21.2012 31.8653	19.6927 31.3425	16.8913 30.4897	
42.748 53.5136	43.1022 51.1883	45.474 33.7666	43.0863 34.2916	41.7396 44.1836	40.826 57.6009	
64.0357 25.4386	66.031 20.3669	68.8068 11.8321	68.7787 11.3558	67.8377 12.608	64.7783 17.9865	60.1326 30.0708	61.2582 31.4227	
81.13 14.4219	86.7099 23.0246	89.6541 25.2084	87.5943 18.7705	84.5773 12.6656	82.9463 11.9646	
25.9616 19.4894	38.3302 8.7815	37.0633 5.9944	31.4453 10.2484	23.1864 17.3985	
2.4064 76.7134	12.3533 68.3926	12.7772 64.4275	-0.5333 74.8301	-5.163 80.9325	
51.6514 2.4143	53.8249 -0.9388	56.7593 -8.2467	56.8353 -8.9297	55.9631 -9.7511	54.2295 -6.3882	45.9686 10.0844	46.0339 10.2146	
10.0638 23.7999	17.7407 15.6923	17.5045 15.4125	15.6265 14.0268	13.4907 13.4567	8.8229 18.7281	6.6534 24.5406	
44.4309 -1.0295	41.8688 -3.1452	23.4416 4.5015	21.9089 9.4431	
87.9717 72.4591	88.3132 74.9517	95.6577 88.8429	98.2327 90.3693	94.2924 79.3681	89.708 71.3246	
37.4169 94.2438	37.7439 95.5106	40.7208 102.694	41.983 104.9657	42.351 105.6098	43.0198 101.1008	39.1956 89.8558	
43.6315 54.9742	53.2887 66.5537	56.9809 70.5046	57.1948 70.3394	56.1829 65.0313	48.112 54.5832	43.2717 53.7225	
