50	50
32.3182 69.8771	33.2779 54.8223	33.4252 49.7705	29.9879 48.9152	28.9191 61.5362	28.914 73.6733	30.0679 73.7069	
53.7313 56.0843	55.7522 58.1329	55.8441 58.1907	62.047 59.9384	65.7642 59.6775	56.0325 52.7787	53.913 51.7827	52.218 54.1563	
95.1085 83.7618	104.8167 88.8445	105.9044 86.6551	98.1482 82.3956	95.3943 82.1982	93.4661 82.4154	
61.4602 20.0674	64.4503 31.7694	66.1308 30.8499	67.0657 30.2998	67.8435 27.6836	67.7835 27.0127	66.8812 23.4813	65.0406 17.3541	62.0059 14.1923	
57.1748 77.0608	60.4475 79.9743	63.6709 82.6988	68.6608 85.572	69.7301 85.7694	71.4634 85.8791	60.2448 76.088	56.8964 73.2579	54.4137 74.0831	
22.2545 95.3331	25.2811 89.0093	26.5936 80.1745	24.9394 79.3381	19.9928 88.7286	17.8501 92.9665	17.0794 99.9354	18.4883 101.1354	
41.7714 90.9557	43.2734 92.353	44.6097 93.5958	49.6275 96.4772	51.9241 96.8643	52.4497 95.4994	41.6026 89.2707	
-1.6021 95.4442	4.5239 99.5984	10.3568 101.7618	12.0856 97.1171	8.5169 95.7935	-1.6132 92.8801	
78.1448 21.1622	80.0928 22.2585	92.9475 26.2282	100.3327 28.2397	101.2035 28.1959	95.8701 24.4868	92.5683 22.9516	87.725 21.3062	82.8278 19.7939	78.5012 19.4722	
37.2455 52.6143	38.6481 45.8339	39.0067 43.5092	38.4008 43.1684	37.6326 42.998	36.4857 43.1305	34.8479 55.0985	36.3542 55.3309	
32.9461 75.3299	35.3939 78.0658	39.487 82.1704	42.9985 83.025	42.2417 81.6239	38.6725 78.0932	35.3844 75.1911	32.1542 72.6292	31.8521 72.9304	
52.2747 23.4897	56.6652 18.8566	59.2636 15.6612	58.8448 14.3352	57.7584 13.5055	50.5789 22.3343	
5.0463 60.4674	6.7336 58.9582	12.5683 50.7042	11.2371 48.6445	8.9561 50.1975	2.9175 58.7398	2.5727 60.0831	
63.8028 39.8141	66.1695 39.841	69.0921 37.5515	57.7079 35.0167	49.6148 33.7615	48.7186 37.8069	
89.4982 41.0749	92.431 35.8948	92.6764 35.4352	95.0622 30.323	95.2591 28.0596	92.5272 29.2507	90.7594 30.7793	87.4105 39.9505	86.0708 44.1642	86.4078 45.3656	
1.1684 22.1684	2.563 26.7358	4.8217 30.7192	6.7832 28.4393	6.0111 24.2552	2.6709 14.2265	2.1193 13.0631	0.1412 9.8335	
