50	50
58.5371 44.1118	59.9381 42.7776	60.9687 41.0611	61.0121 40.499	61.1952 35.1122	60.6705 32.627	59.7233 32.344	57.7909 34.5204	57.056 44.031	
5.4704 62.9086	10.2343 59.9047	10.6054 53.8033	3.1469 59.2559	2.8931 60.3941	3.1166 64.3471	
12.7228 65.8104	18.9369 60.1955	26.1537 51.4157	30.3264 46.3299	26.34 48.6671	21.3004 51.7712	12.3105 62.5979	11.6916 66.0702	
57.0749 95.4398	57.2872 94.9516	58.4624 86.9087	56.9134 88.6943	55.5656 90.2582	53.3106 95.4449	53.3444 98.0405	53.6447 99.7888	
39.8042 15.2754	46.6372 19.348	57.6901 25.5043	57.9308 23.7678	55.0274 20.9643	45.4001 14.7364	42.6517 13.3696	32.1573 10.3301	
-4.9355 54.8899	2.69 49.1311	9.762 43.3839	0.2986 48.2907	-5.2587 52.4875	-6.2242 53.248	
15.2123 43.6074	21.7326 43.5458	30.6546 42.8625	37.0038 40.5933	37.9397 39.8763	26.1589 40.6015	14.6078 42.8347	
25.9312 2.0711	34.2204 2.1181	37.9567 2.049	38.618 1.7589	38.1272 -0.1587	30.3728 -0.0152	23.8484 1.5159	
73.7037 36.5768	76.8195 39.8847	90.0185 49.2702	89.335 46.1809	86.9062 44.0791	72.9865 34.1811	72.4444 34.0934	
83.5503 56.9849	88.8577 70.6763	91.8348 70.0456	91.8325 66.386	87.4382 55.0502	
88.3938 23.6292	88.9939 24.0746	96.3971 28.582	98.3338 29.1944	101.107 28.2146	89.3883 21.0797	88.1724 20.3693	83.7036 19.953	
22.6473 80.2433	24.1695 76.2892	20.6944 77.9141	10.2777 83.5585	7.6877 87.2888	7.1744 88.1074	
61.7095 63.6518	66.1617 70.3526	70.3751 73.3811	70.7869 71.3057	66.0369 61.8049	63.9458 61.7301	63.7781 61.814	
-0.4257 88.7341	-0.3878 90.5989	1.23 107.8044	3.5624 110.0231	4.7721 100.6916	4.7304 98.6403	4.5347 93.5247	2.9981 91.2885	-0.3781 88.1889	
65.6509 44.9907	64.5792 44.2123	61.6684 47.4744	56.9606 54.6736	60.0755 59.9183	
16.5248 5.1414	27.5053 7.5388	31.6023 8.2311	37.7249 7.0143	35.729 5.8118	33.1134 4.9639	24.0089 3.3472	12.8116 3.9568	
