50	50
30.6949 13.4006	32.0352 6.2632	32.8526 -1.3755	31.5915 -2.0133	28.8733 -3.3619	27.9579 2.9585	26.7837 13.932	27.331 14.3358	
-0.4446 5.2761	6.17 25.3505	8.166 24.8792	8.284 16.8809	6.5374 11.0516	4.6425 5.301	-0.189 3.8916	
52.9583 0.1019	50.2955 -1.52	44.549 10.2282	44.3074 10.7606	43.796 14.8083	43.3451 21.2827	
-8.2888 35.5205	2.9892 39.5299	9.7434 40.6466	7.2822 38.3103	5.6708 36.8813	4.3846 35.8989	0.5671 34.5417	-2.0414 33.6318	-5.7091 33.6508	-6.06 33.6737	-8.4866 34.6057	
94.033 13.1564	95.8967 11.2899	108.2967 -8.3414	107.2221 -9.0302	100.525 -2.4287	91.679 11.3722	92.7875 13.5879	
91.6879 30.8873	99.8511 30.7177	100.7164 30.2688	103.2561 28.8741	95.1952 28.7173	93.9025 28.7441	91.0873 30.228	
26.5775 87.9722	27.3368 83.835	26.8788 82.6606	25.7209 82.8297	24.1439 87.8759	23.2048 91.5647	23.3339 98.3508	
31.9213 67.9014	36.232 79.5583	38.855 82.5273	40.1097 83.5686	41.3135 82.5108	36.1447 66.2907	35.4274 65.7989	31.7916 64.9185	
42.1335 26.3068	44.0014 28.1108	48.7844 31.2003	54.5434 34.7197	53.0391 32.6357	48.9933 28.3672	38.2326 22.0764	
67.8645 39.5363	72.8065 40.7542	74.3237 39.2987	71.6426 36.8772	59.967 30.5146	59.011 31.5401	
81.2146 66.7154	85.9195 60.2372	89.415 55.2649	87.6708 54.8485	86.5086 55.514	82.7313 61.2418	80.2119 66.4026	
64.14 80.4614	66.3803 86.3114	68.8689 84.0913	63.5796 70.1469	62.0453 69.3525	60.8412 69.8136	
