50	50
89.8499 71.8305	101.7639 65.7262	101.8402 65.4357	101.9368 63.2046	97.3099 63.7262	93.4321 65.632	89.6607 67.8457	87.4936 70.4457	
78.5334 11.3762	80.6287 11.6861	94.3717 10.2922	99.9792 9.3384	99.5965 8.445	94.5972 7.3898	79.9068 7.8426	74.9809 8.3422	
18.7684 82.2876	21.9683 91.566	23.8896 92.6747	24.1774 88.3533	23.9618 86.3623	21.9729 79.6511	19.1046 70.8116	16.4295 70.1933	
45.4083 67.3695	47.2098 65.4989	46.1626 64.8466	33.7219 61.2193	23.6884 59.0492	19.8308 59.9119	
46.8102 36.9558	48.7511 20.2487	47.7578 13.993	45.9831 22.907	44.7243 33.7427	44.2368 38.4671	
86.7472 42.5424	91.7506 40.6373	93.104 39.5682	86.2804 39.2929	80.1541 41.0932	77.4766 43.0884	78.0168 44.9787	
53.6888 24.8634	65.9625 29.598	71.3025 30.6496	74.2856 27.0322	65.8227 25.2935	59.9086 24.1288	53.2471 24.4229	
80.6803 89.0247	80.7489 87.8429	81.246 79.0001	81.133 78.9935	79.587 79.5952	79.1218 81.9352	78.379 89.6391	79.8217 91.4116	
27.0565 94.6935	29.4736 89.5867	30.2998 85.2673	28.7663 84.4712	26.2191 89.7792	25.9675 90.3107	24.7448 94.2293	
49.4258 44.0827	71.0456 43.8877	67.4162 41.708	51.3988 41.8525	46.0869 43.6979	
24.773 0.1413	30.7174 3.1154	38.3913 6.2934	42.4622 4.3945	31.7817 -0.9492	21.4482 -5.3381	20.9792 -5.1685	
39.3954 86.3212	45.3344 85.0577	56.0478 82.3864	55.1575 79.2291	50.5509 79.6433	41.4901 82.1985	36.1577 84.0685	34.9814 87.1436	
7.732 30.7353	18.424 48.0981	20.2203 49.7115	21.7005 47.5083	19.2298 41.5691	8.6381 29.3683	
86.889 27.2414	100.2449 31.1462	99.6361 28.7933	96.7282 27.1219	87.2074 22.6289	83.6786 25.7264	
64.5349 50.2223	76.2903 53.1596	78.0343 52.0248	71.9793 49.2656	65.6761 47.1023	62.6273 47.2183	
44.8885 12.296	53.083 13.5359	56.5463 14.0214	59.5236 11.2773	54.8696 9.7958	48.9489 8.9657	45.927 9.4789	44.5073 9.9056	41.4011 11.0745	
