50	50
-0.8651 59.8622	9.7488 61.0497	14.224 60.5517	12.0207 59.2479	9.5773 58.6409	-4.8506 57.1412	-7.391 58.1178	
84.8515 97.6023	88.9548 100.1965	90.5533 100.5539	91.6682 98.7103	87.9851 95.4843	82.1429 91.7908	79.7104 91.8734	78.2104 92.3455	
55.549 -1.9689	66.7414 5.7932	74.5931 9.4479	77.2127 6.7237	76.6431 5.1288	56.2243 -4.3755	53.3957 -3.6799	
56.3434 57.7271	63.5849 73.2707	67.3303 77.814	66.2264 73.6242	64.8458 70.1516	61.159 61.7594	58.7144 56.512	
95.9054 76.4735	97.1981 82.3329	100.9362 80.4212	99.0865 71.5381	94.9206 62.2733	92.9706 62.3794	
25.101 74.2326	24.7 80.3941	24.9139 85.9847	25.4804 98.078	26.958 96.9296	27.9387 91.5471	29.0773 85.1695	28.6107 72.9705	
19.6356 33.14	24.1646 29.1395	28.863 24.1647	31.8045 19.5601	27.6968 23.1885	20.7099 29.6112	19.6462 32.0525	19.4648 33.1212	
61.2139 82.2285	59.4662 81.5844	59.0954 81.5843	52.3189 94.1949	51.2917 96.4255	51.194 99.2693	
16.7205 16.4215	18.6062 6.2165	18.2725 5.1366	17.6351 4.9062	16.4894 5.5496	13.2564 15.6131	
35.6219 79.1342	37.7898 70.8782	38.0595 67.4912	35.7815 70.6123	32.917 81.5211	33.9877 81.9711	
44.9636 55.093	46.576 55.1618	50.2758 53.9349	56.6035 50.5986	56.5253 49.2948	56.2863 48.6681	52.7844 48.5159	44.6952 51.6005	43.5787 53.2777	
36.5364 33.8495	38.7509 32.9649	42.9356 30.4034	50.4318 25.1807	40.865 28.1042	35.1319 32.0985	
