50	50
6.2147 18.6134	17.2178 17.9666	20.485 16.3802	17.355 16.2697	-4.8247 15.6695	-5.4105 18.2414	
81.4133 64.7011	93.4271 81.9381	97.3809 85.1851	98.1771 83.1561	88.8527 67.4277	85.3419 62.3906	83.9795 61.1133	
73.242 88.7976	83.536 107.5756	84.1695 107.6879	87.2089 104.7772	79.6424 91.9976	73.4733 83.35	71.785 84.2756	
89.954 21.2459	99.7073 0.5539	99.5244 -2.4237	96.7861 -3.6635	94.8742 0.3488	85.4731 20.2933	87.1145 21.351	
52.9755 11.8857	60.5436 21.7381	62.3471 23.0541	63.092 23.2671	61.4881 18.8685	59.6793 15.6297	54.3308 8.6669	
38.2389 84.3359	57.6822 96.1024	58.7626 94.1137	44.3135 82.9695	38.8987 81.7584	
-0.6479 3.931	-0.211 6.5735	-0.0145 6.8069	5.0499 12.4028	7.8297 14.8761	9.0647 15.9093	9.8544 15.8099	8.711 13.5255	4.2545 8.2312	-0.7887 2.7781	
59.9286 30.323	59.8593 27.3559	57.9754 20.833	57.5692 20.9466	56.7345 25.0582	56.5551 29.5044	59.6791 36.5069	
64.1286 65.682	64.7786 67.5766	71.4746 77.9531	72.0366 72.7542	66.346 62.8909	61.7826 57.0757	
54.3363 0.9497	57.3067 3.9289	65.7671 11.6929	70.8893 15.2568	67.9565 11.612	56.2855 0.2382	54.8451 -1.0835	
35.0277 17.4235	39.1011 20.8627	42.6055 21.8057	34.307 8.262	29.7095 1.8977	27.4727 1.8236	25.9379 2.3101	
82.0474 22.4073	82.9709 24.6794	86.6151 26.425	93.4381 29.6034	95.9685 29.4319	97.7184 29.0643	85.3412 20.4548	83.8642 19.7668	82.5039 20.9661	
