50	50
77.5272 6.0354	79.1662 5.1672	83.8103 2.0251	87.2956 -0.9858	88.766 -2.7064	89.1395 -5.146	82.2117 -0.1698	73.9505 6.9671	
50.7042 97.854	53.7838 91.4509	53.6307 85.9692	52.0941 88.7099	47.6128 99.5526	
33.9231 40.4598	34.4658 42.6637	40.5697 51.7053	45.455 56.3655	47.168 56.0232	45.5018 52.4905	38.7473 44.0685	36.2038 40.9077	34.0894 39.7052	
3.5089 20.1213	4.7326 19.2686	3.6645 16.0419	-0.4719 10.6353	-4.1268 10.5901	
19.7134 82.3206	24.6234 80.6464	42.926 72.2941	29.4487 75.4631	22.4695 77.8429	19.2644 78.979	18.7046 79.4759	16.982 82.7535	
27.0642 48.8229	25.0296 42.8283	22.6689 55.9632	20.5447 68.9806	22.252 72.5729	23.0425 72.7794	
39.6719 91.8352	40.6077 90.1938	41.5638 87.7946	43.8856 77.7905	43.9341 75.3435	41.009 74.9196	38.5532 79.5837	37.3818 84.631	37.5872 89.9872	37.8197 92.1329	
92.8582 96.6148	95.7076 97.4071	96.8023 96.6566	94.3047 94.5198	89.4048 90.5267	85.4843 88.1724	76.4307 85.6375	
9.9654 3.652	13.3484 6.6706	16.181 8.1371	26.8146 13.1168	27.6802 12.6951	26.3944 10.7893	23.5204 9.3014	9.9172 2.4824	
58.2299 53.8938	61.5174 52.0709	67.6422 47.0318	73.0704 41.8356	67.7962 43.6733	64.7258 44.9998	60.8833 49.7019	57.8127 53.5125	
10.8188 46.3212	21.4645 35.1042	21.5735 33.3838	21.2477 33.0123	15.9873 38.1623	10.5941 43.6765	5.5781 49.818	
65.1825 31.8002	65.9727 32.6652	70.9969 35.0981	73.0793 35.9254	80.3102 35.1998	62.1147 27.0754	
14.3955 22.1284	27.1585 13.8344	27.2944 13.5802	17.9322 17.1488	15.2809 18.7929	13.064 20.7885	
20.1937 92.8965	29.7588 108.9002	29.1874 105.9992	25.0031 97.6675	22.8689 93.4858	18.8512 86.4532	17.1612 87.0322	
80.9069 60.8985	94.8624 71.5339	98.3861 73.5429	99.2662 72.544	92.0254 66.6436	81.6021 58.5419	79.5646 59.4157	
63.6406 67.7596	72.1707 78.137	74.0283 77.239	73.3619 76.017	63.2098 63.8013	61.2328 63.488	
