50	50
90.2007 4.9497	92.8346 4.1234	102.7168 0.5246	99.7592 -0.2351	97.7288 0.1597	88.675 3.0	
70.469 94.0018	77.4378 99.7562	78.4199 98.8465	77.9221 97.7535	77.2544 96.4682	67.4712 88.39	66.5062 87.7054	
20.7217 75.5063	28.7661 69.993	31.4622 67.711	32.0234 62.0908	31.844 62.1513	30.4118 63.1328	22.6223 70.6811	20.3823 75.3899	
15.0238 63.8618	16.5376 56.29	17.4688 49.5733	16.9044 48.6919	16.2081 47.7006	13.3115 49.1555	10.6888 62.2347	13.5637 64.0904	
-10.6223 76.8698	3.5804 77.6359	10.1165 77.7632	14.4968 77.2372	11.9048 74.296	11.543 74.1521	-8.0521 73.0951	-10.5556 74.6322	-11.695 76.7951	
29.0671 12.6863	29.2015 18.2632	29.3373 23.8491	30.255 29.5497	31.2164 29.9047	34.0685 29.0973	33.8764 21.1271	33.1332 8.0164	
55.6772 90.0114	56.7116 88.517	62.3243 79.2016	61.1779 78.0411	51.2525 91.3019	48.0081 95.9893	47.6478 97.36	48.8539 99.2064	
10.6252 9.4669	22.9783 9.5274	26.8982 9.523	25.8232 9.0439	20.3148 7.3325	13.7471 6.7725	8.6324 6.7782	8.1035 8.1837	
19.1086 83.0537	20.6244 97.3236	22.829 101.0997	23.0838 96.4424	22.8406 93.5354	20.2172 82.5567	
26.8669 80.8586	28.942 84.954	31.0878 88.5369	36.0167 96.0674	37.3196 97.1891	39.86 97.6854	38.3049 93.2845	35.185 88.1501	29.1217 78.8866	
64.8352 60.6307	66.5995 62.7883	72.0956 68.13	72.9668 68.3834	70.4939 63.9084	67.0031 60.2525	65.9577 59.4393	
52.368 18.6216	53.7863 17.9962	57.4811 15.7706	59.208 14.2296	64.6042 8.8692	51.3592 14.7912	45.5446 19.5908	44.7578 21.7305	
94.9389 93.5366	107.6383 92.8872	109.9733 92.0205	111.2728 87.9053	100.8885 89.0757	84.245 91.3797	
47.0569 87.2907	53.6485 84.8394	52.2937 83.5514	49.4895 83.0374	40.2676 84.9417	40.3699 87.9614	40.3807 88.0135	
2.5916 100.6626	5.574 99.1975	9.7371 97.1342	13.986 94.7086	16.6329 90.9611	10.1535 94.0235	-1.7837 99.9762	
48.368 54.546	58.7839 47.8656	69.6227 40.4748	66.3438 38.0516	58.9943 42.7532	54.4101 45.7346	46.2918 53.5404	
