50	50
66.7454 81.5154	68.7259 83.8638	73.2341 87.3623	73.1423 85.0933	65.8649 76.5156	62.5773 73.014	60.1853 71.3262	
23.4737 42.8099	32.5207 56.6763	35.275 60.4977	35.5731 58.1318	35.1359 53.7353	32.2416 49.2159	26.8316 41.7097	23.2374 40.0049	
80.0521 55.9491	82.29 51.3183	81.9879 50.4953	80.5096 49.8984	74.8866 54.4088	74.8693 54.4305	71.6636 63.1265	69.7945 68.7653	
97.1466 99.6607	100.3765 96.8975	102.9907 94.1461	103.3245 93.2734	102.6799 91.6811	96.4979 97.3575	94.343 100.0908	
-2.4224 64.5859	0.5393 59.4211	3.1653 53.9363	3.3865 47.1772	-0.8551 56.0512	-1.9801 58.5702	-3.3547 62.3647	-3.288 63.2779	-3.0674 64.8734	
18.7688 97.4117	19.6612 92.3981	21.3725 75.3664	18.4967 74.4243	17.0535 85.255	15.7588 95.0509	17.5568 97.5084	
96.9968 85.2043	99.1516 84.0802	97.5322 82.5013	94.6403 83.0741	89.6879 84.6706	88.852 85.0977	87.3334 90.0003	
32.4866 22.2237	39.3118 23.9555	40.4968 21.4233	18.3394 14.599	17.5311 16.4381	
87.945 24.8786	92.0324 26.0755	92.8741 22.2359	80.4318 17.6412	79.4279 20.2684	
6.2322 9.4498	12.9044 8.7731	17.4907 7.0349	22.8438 4.7684	25.5892 1.7678	22.0308 0.5913	21.0226 0.645	4.5333 6.8942	
60.9489 42.2653	77.4298 39.2523	78.0473 38.8446	75.0678 37.1076	64.6929 39.0043	59.65 40.885	
63.0063 33.1742	64.5671 37.7534	65.2149 37.4905	66.5233 36.2621	65.5297 29.3275	63.4159 26.4801	61.821 24.9009	
