50	50
21.4276 91.8425	26.9536 83.2655	29.5049 78.9369	29.0424 76.2274	28.3193 76.9537	19.5662 92.6092	16.6701 98.5932	
51.8016 16.9162	57.5221 22.0862	58.673 22.9486	62.2669 22.2775	53.9012 14.2924	49.1301 9.9805	
42.031 25.3582	42.5452 20.8339	42.6301 16.7274	42.8563 0.3471	40.0135 -2.2216	39.4805 -2.3187	37.9203 22.0694	38.3392 25.1575	
85.3795 52.1398	90.2997 53.8736	91.791 53.7598	94.7905 53.18	96.7414 51.3114	95.2897 49.4782	88.8809 49.797	85.5432 50.0517	84.6407 51.0543	84.5647 51.5076	
73.5142 16.0745	73.7802 13.5182	71.97 13.6119	69.9853 14.3453	66.056 17.6018	62.5099 20.8802	62.9407 22.1386	
68.622 39.6504	69.1386 45.1917	71.0303 57.2387	73.6484 57.911	74.125 57.0176	70.9907 37.0572	69.3281 36.6102	
74.5097 41.8074	79.995 47.0787	80.4139 46.6442	81.8017 44.8944	81.7447 44.8171	76.9723 40.2153	69.7069 34.0084	
31.853 82.4112	41.1394 83.9831	41.3547 79.6656	41.3012 79.1572	38.3089 78.5057	37.3999 78.3518	32.2496 80.123	31.8105 81.8366	
31.6287 35.1429	32.6253 27.7264	33.22 23.0329	29.6039 24.0913	28.6898 31.7558	28.3933 34.9547	
27.7382 11.8303	31.6664 7.2684	38.3754 -0.7962	31.647 3.4801	27.4728 8.544	26.7191 11.4928	27.074 12.4891	
64.3276 96.794	80.1226 103.6879	81.4681 103.7825	83.788 103.8565	85.2117 103.6603	78.2443 99.3196	62.874 94.6996	
22.7717 57.7965	23.0999 52.4012	23.3472 47.598	21.4957 45.3071	20.3968 47.1043	19.7534 59.6013	21.4445 60.9903	
