50	50
14.4616 68.6126	26.9368 55.0437	28.7274 53.0505	29.39 51.4846	28.3378 49.037	16.4369 62.2845	12.6816 70.0827	12.5609 70.4363	
-5.1837 2.667	4.3419 6.6299	8.2195 7.8372	14.7784 9.596	15.2124 6.1857	13.4716 5.4849	0.2834 1.1241	-0.3644 0.9224	-5.2636 -0.328	
29.0523 75.309	36.2267 73.8778	39.6978 72.2845	39.8201 71.9202	39.3488 71.7198	29.0073 71.6191	27.745 71.6919	27.1224 74.2883	
86.8006 16.3971	94.9319 20.7371	102.0311 23.1699	102.9803 23.1287	102.8306 20.8885	87.4578 14.2374	85.8687 14.9818	
67.4228 87.2764	71.2828 79.6858	72.7257 75.7469	70.068 73.1178	68.7662 74.4364	63.6962 84.4063	64.2935 85.7006	66.4314 88.0161	
87.789 80.1369	88.907 82.5958	90.5644 85.7516	93.1365 90.5787	96.4747 90.7431	92.7891 83.487	92.4557 82.8521	90.0854 78.6103	89.9193 78.4336	87.7312 79.2085	
-0.2107 79.0424	6.5235 89.9446	8.5431 92.2559	9.6668 91.7897	9.5487 91.391	4.6666 82.4099	1.5925 77.8916	
81.3818 11.9165	81.6168 9.9498	79.0061 9.5777	71.6924 8.5752	63.3602 7.4566	62.1682 10.7201	
32.9907 62.0325	42.2728 61.9237	46.9395 61.0347	45.4133 59.3922	32.9963 57.2849	29.4736 58.4018	27.972 60.5324	
68.172 91.5231	70.4114 89.5625	72.4608 86.7713	73.3503 84.5326	72.7847 83.8985	70.5536 84.6726	67.9813 87.6103	67.7243 87.9603	67.5225 90.7313	67.6616 91.2152	
49.9039 45.8797	50.232 45.6307	52.0254 36.4165	50.7629 34.5342	49.9981 34.7448	49.4759 35.0609	47.2626 43.7118	48.9325 45.8969	
20.9669 76.8901	22.1211 76.4429	25.3507 74.8213	26.3721 72.4652	26.4925 70.546	12.5219 75.9586	12.6081 80.042	
