50	50
14.0408 60.7832	16.8715 54.2075	18.2147 46.9395	14.7261 46.7273	13.2332 54.5204	11.4121 64.2241	
66.7276 55.1917	74.017 61.9314	77.226 62.5689	77.7279 62.505	78.9089 61.2613	73.9877 56.2723	72.0511 54.4333	67.1762 52.3419	
32.5377 68.774	38.7467 84.5409	40.7018 79.547	39.2943 75.6149	36.8459 69.3975	34.3196 64.5627	33.5296 63.9322	
33.8905 52.2468	37.7385 51.8918	41.9223 49.8018	47.6849 46.1052	47.057 44.8655	46.013 43.692	35.6036 47.8302	33.9665 48.648	33.0531 51.8331	
68.4058 86.9003	69.9189 85.7077	70.5661 81.1196	70.3857 72.4231	69.0284 72.3158	68.8175 72.7108	68.0231 77.0737	67.0777 83.7764	66.9618 85.6358	67.3695 87.3058	
91.76 79.1998	96.2963 75.5989	101.2882 71.2137	102.68 67.0085	99.0046 69.2491	96.7948 71.0908	89.5211 77.4804	88.1275 81.5777	
33.6673 14.8789	45.3845 21.3849	50.4416 23.8235	51.0295 23.6062	51.2633 20.6921	47.67 18.6969	37.3317 13.0316	32.8472 12.1778	31.3859 12.9587	
1.8965 40.4868	1.993 40.6698	3.6539 41.4074	4.8765 40.763	4.2652 36.7829	1.8799 32.5692	-2.9885 30.9365	
19.0211 -2.9914	23.6668 -5.8873	4.2403 1.8208	-0.6054 4.1322	-2.5997 6.3497	-2.2552 7.7365	
23.8279 79.6569	33.5679 94.1146	34.3849 95.1618	35.8853 96.5314	38.9441 95.7683	28.1581 79.5889	25.6629 78.3059	23.7477 79.2204	
86.5926 92.7649	103.5126 105.0249	105.4345 104.0529	104.7273 102.7216	103.1546 101.0781	94.8252 95.1219	87.1344 90.8177	
18.7905 19.2925	20.3089 18.4962	22.9161 13.9646	28.8385 3.4352	29.0663 1.4536	24.0277 7.0059	21.8481 10.8809	18.8726 16.3584	17.6803 19.5852	
3.59 81.4516	5.4034 76.7604	6.672 70.3516	3.528 72.9037	0.9127 78.3324	1.5121 81.0946	
52.8731 25.6592	62.5039 27.6778	63.3222 27.8171	59.1514 25.0532	52.3343 23.893	
50.6557 46.8177	51.9846 34.3545	52.0769 27.5057	51.3447 27.7237	49.3361 34.7323	47.6974 41.6242	47.8953 44.4375	48.5998 47.3117	49.3099 47.3874	
82.7482 22.5521	84.3755 23.2189	88.6572 24.7457	91.114 25.0604	91.1753 24.895	89.2191 21.9582	81.4539 20.2975	79.6249 20.0974	79.3456 20.8515	
