50	50
96.1141 91.6893	97.9132 91.5932	104.1635 91.0944	108.2798 89.0635	107.864 88.9235	103.7858 88.2701	101.1528 88.4107	91.3496 89.1063	
72.8543 86.9427	76.5537 83.7172	82.2844 78.1149	86.6427 73.249	89.1753 70.254	85.7297 69.6126	81.5226 72.4899	72.7034 81.9614	70.2019 86.5476	
20.9545 34.3616	33.3276 31.4578	33.1245 30.5633	32.1563 28.4942	26.3497 29.1113	19.4053 30.6879	12.5462 33.6407	9.5381 35.8233	
15.8687 5.6915	17.5482 -1.4007	15.1089 -3.4901	12.8704 -1.4095	11.8694 3.6354	11.6054 6.1575	13.7982 8.6461	
56.3779 96.6381	57.2119 97.5148	69.7346 105.3954	70.8202 103.8529	64.4015 97.4578	52.8671 91.008	
18.4353 21.1277	23.2846 12.5845	25.3485 6.4519	23.4508 5.014	17.2157 17.147	16.0983 19.7516	17.2207 22.7276	
49.0118 50.2037	62.7494 40.5343	65.6538 38.2462	62.4246 38.4578	57.8341 41.3282	56.6441 42.2187	48.5852 48.5674	47.4287 49.5212	47.4766 50.5647	
57.8414 74.4217	70.4479 70.7141	78.4536 67.8064	79.7393 66.3548	79.2852 64.634	78.7079 63.0447	69.8277 65.6994	62.5979 69.1485	56.2052 72.399	
70.2863 46.8762	86.6057 55.0702	89.4782 51.1445	79.1721 46.1742	72.5689 43.2829	69.0992 44.3216	
5.7104 0.2178	6.0221 8.0749	8.2189 14.829	11.5436 15.7119	11.2629 12.8924	10.2217 9.5641	7.7432 2.956	5.9612 -0.0131	
90.0395 89.0005	90.6265 88.2681	97.5313 72.843	95.9912 69.5946	90.6423 78.4958	87.4838 86.1061	86.7246 90.1523	
50.593 76.4265	64.5622 79.3303	68.2767 79.5955	70.8648 78.3292	59.6943 75.0196	54.6936 73.9801	48.2476 74.6697	
9.2285 77.6147	21.7718 87.6459	25.5885 90.2511	27.1183 89.9744	25.8216 87.3806	21.8651 84.3151	11.3759 77.0648	6.5483 74.9012	
93.1511 21.5666	95.4246 11.2062	91.3102 9.0738	88.5623 20.6392	87.7144 32.4095	89.9298 35.1247	
29.9073 45.4287	33.8659 49.5358	35.1985 50.01	37.6071 48.5803	38.8247 47.8467	33.7271 42.4561	31.5862 40.2593	29.0325 41.1969	27.519 42.6282	
36.4782 18.4262	34.7312 16.5592	17.6772 27.1259	15.5885 28.4432	13.6301 32.8368	
