50	50
23.3238 71.666	28.1735 85.3105	32.9677 85.8543	28.2922 72.7	25.2265 67.9345	
1.7668 11.6519	3.1461 9.7469	7.5977 -6.6886	7.5475 -9.2943	6.7792 -9.5693	5.185 -8.3345	1.7885 2.0932	-1.338 13.6361	
67.3181 94.7054	70.8867 93.5614	75.0418 89.3716	77.6324 86.5674	80.2001 82.3145	75.6034 82.4913	69.5977 88.9015	65.1838 93.6968	65.1308 93.8229	
41.5656 96.4387	43.3312 91.9085	46.3283 83.8032	45.4741 82.6749	45.0541 82.8107	42.6519 84.679	41.2197 87.0467	37.4484 97.2456	38.8362 98.0864	
39.6781 65.5821	40.9522 65.4205	45.4107 63.5811	54.1003 59.5381	49.7977 58.8836	42.9276 62.08	40.013 63.4686	39.03 64.5184	
94.8007 64.9893	94.4087 67.4153	94.9707 77.1924	95.885 81.7215	96.3814 82.3259	96.9924 82.686	97.1669 75.5882	96.3155 63.7054	95.1767 63.3672	
81.2543 6.9005	103.8824 11.5537	104.544 9.9471	101.6985 6.7171	82.3216 2.5022	78.4644 6.2451	
4.6124 34.6279	9.9628 32.2799	21.0961 24.5753	16.0406 25.5561	3.4457 33.3512	
22.425 44.3678	23.6512 47.6081	25.1128 51.2235	29.2072 60.4505	29.6961 56.6134	23.6851 37.9251	21.1586 37.6869	
42.647 79.9268	47.2779 81.5034	56.2307 82.9989	64.1747 84.3228	64.3136 84.0363	62.6499 82.0004	59.3839 80.73	41.7154 79.2963	
32.3983 75.4511	40.8818 77.2862	52.2558 79.1167	54.4851 78.1147	55.8605 76.8024	48.2666 74.9646	29.363 70.5654	
4.1625 93.5504	6.015 86.1813	5.0641 86.3841	3.3728 87.1292	1.3808 93.079	-0.6233 101.0514	2.0602 101.9032	
