50	50
52.5968 87.1067	53.2648 86.838	56.6799 82.7568	57.3833 81.5166	58.8489 78.9097	59.4162 76.8225	57.0726 77.8182	53.8694 82.5976	50.9175 87.1751	50.6957 87.5662	
28.3763 19.4957	35.3273 12.0962	38.2647 8.8177	39.4672 5.7989	35.5031 5.6012	30.5376 11.0432	28.2579 14.7957	27.8375 19.4015	
38.6782 20.6784	42.7752 19.8839	43.6889 19.542	49.9387 17.0708	55.0882 13.4364	54.2954 12.152	44.4259 16.0545	41.3672 17.9315	38.3787 20.0445	
20.6688 37.294	25.8604 43.7929	27.3923 41.1515	18.5014 29.4226	12.238 25.8929	
31.8796 60.3594	33.4938 62.353	35.3744 61.3408	33.8542 55.6814	29.9633 49.1189	28.7706 47.7	
85.8772 26.4693	86.2954 30.8745	86.837 34.0529	87.3076 36.3444	88.1426 36.2742	89.3593 32.5127	88.3737 22.6577	86.0748 21.954	
51.093 54.7979	53.8709 51.7603	56.6685 47.3112	53.6595 45.9117	50.3788 48.4556	48.3836 52.0191	48.1001 56.1746	
28.0211 1.3129	27.5017 -1.4317	16.0484 0.4964	14.1453 1.8622	
67.4086 83.9054	67.1705 85.3629	69.0117 88.8906	72.9868 93.863	76.0215 92.546	75.2063 90.9806	72.1462 85.717	71.1317 84.0462	68.2954 82.1535	
9.8875 65.1726	10.7623 66.3825	14.0552 70.937	18.4812 75.5363	14.7351 67.6942	10.441 61.5634	7.7339 62.0979	
86.3561 44.446	87.8885 44.607	99.4922 38.795	100.9288 37.348	101.4307 36.7989	99.603 36.443	85.7123 43.4781	
38.2379 81.1695	47.0685 83.8915	47.1662 83.6318	44.132 78.8215	34.4254 74.7392	30.2812 78.1764	
