50	50
37.4227 57.864	47.2777 59.6549	59.95 58.1926	59.6522 57.1642	38.6503 54.6036	36.6647 56.9051	
37.8798 27.2196	39.1411 36.0476	39.1756 36.2231	40.5972 41.1927	41.7549 44.8422	42.3108 44.5323	41.5376 37.1963	40.2163 30.4794	39.7948 28.67	38.7279 24.781	
9.5227 61.6399	14.1756 66.1672	16.1678 67.4774	16.7633 64.7083	8.7016 54.057	5.1142 55.3597	
13.7449 44.2881	23.2499 48.8228	27.462 49.954	32.6298 49.7783	32.7361 48.6724	28.7798 46.7849	8.4262 37.427	
77.5915 9.3723	78.1404 9.4201	79.6385 8.2133	82.4453 1.2088	82.8505 0.1731	83.2946 -1.3003	81.4041 -2.4127	81.0274 -1.7144	76.7958 9.1012	
79.8601 69.1025	81.209 58.187	77.2299 56.0302	76.8872 58.524	76.6566 60.3899	77.64 71.4996	78.4985 72.4502	
25.5353 102.959	27.0713 100.3205	31.1714 92.591	33.4085 87.0531	32.7097 86.4528	30.404 86.7513	21.7809 107.1739	
78.4076 39.3128	82.4132 39.6685	94.577 40.474	99.6644 40.5764	102.5668 40.3539	85.4202 37.8527	82.7311 37.6139	78.3103 37.9117	
38.3775 93.8059	49.2284 76.2421	42.7412 82.6829	38.9917 86.7904	35.7667 92.0105	33.4162 96.7777	
100.5935 89.9831	104.2524 89.1817	108.0211 87.6515	102.3953 86.8533	91.5942 87.8705	83.7923 88.8586	83.6888 90.0548	83.9695 91.7826	
62.2351 12.3921	64.9782 7.5024	62.3101 7.6674	56.9254 10.2612	52.0658 13.8874	46.9593 23.7906	
54.3799 35.5876	63.4085 46.1115	65.3914 48.3991	67.6048 47.9051	68.798 46.3276	58.5957 34.5576	57.9972 33.9	54.921 34.7186	
