50	50
60.7514 52.5244	61.6137 55.5424	64.8083 58.0444	71.3313 61.8475	72.5324 59.8414	69.8189 57.5001	60.7206 52.1956	
19.4639 85.4928	25.5504 89.9069	28.9401 92.3586	32.1091 94.1406	28.618 89.6806	23.6932 83.7599	23.1715 83.2772	20.989 83.5047	
14.9299 13.4187	15.2221 14.8001	16.6976 21.6723	19.3221 30.2962	21.7219 29.0975	20.1982 18.7707	19.5926 16.7808	15.0067 10.7712	
55.1967 105.3656	59.0556 96.2971	59.9872 93.8955	60.6083 89.6049	55.9957 94.0788	52.3731 103.4184	52.3254 104.8431	
74.9603 24.8858	87.7344 26.9253	88.9555 27.012	96.4704 26.0142	94.9778 23.3391	88.9852 22.6439	78.1367 21.8727	72.8072 23.0137	
83.5235 100.9213	86.7281 95.4249	90.9752 83.1086	89.724 77.8273	88.997 77.6738	81.2298 100.198	82.0785 101.0428	
51.7796 40.8688	51.8282 42.7699	52.0662 48.0986	53.5488 48.677	55.137 45.3908	55.0905 43.5683	53.8378 36.6196	53.0118 36.3205	
28.9292 16.4538	34.8063 -9.78	33.4167 -9.955	30.286 -0.6395	29.1562 4.1253	26.9441 13.9997	28.2495 16.4506	
94.2343 5.7938	94.3254 6.9753	103.4991 15.8671	103.9266 15.6196	103.4064 14.3635	95.2146 3.5686	
50.1266 2.7852	50.9247 15.0016	52.6013 26.2074	53.2868 24.1296	53.8678 18.3225	54.2453 12.7699	53.8702 10.263	51.2483 -1.4236	
66.3288 100.1988	71.3877 94.7898	73.5161 92.2777	74.5174 87.7496	63.0178 96.949	55.8751 105.379	55.5617 107.4617	
28.1972 50.3274	41.5362 56.099	47.7681 57.9466	48.4899 55.7658	44.1064 53.6146	29.4918 46.729	27.6381 49.9598	
51.5695 31.0453	54.3462 33.1279	68.2354 42.8009	71.3062 44.6697	71.426 40.0868	69.0711 38.2466	54.0078 26.9484	52.0143 28.0573	50.4729 29.5058	
70.2321 84.2277	75.3883 86.0503	77.4943 83.3616	59.9046 75.0008	57.4961 74.5016	55.9773 75.3599	53.7505 76.6231	
27.6118 30.2953	32.4727 23.0993	32.1319 21.4671	29.8083 21.3573	28.1634 22.6303	24.4482 28.1302	24.5301 30.0509	
90.6052 101.3922	92.9973 101.8972	99.5846 99.7456	100.949 99.0074	100.2159 96.6236	92.8086 98.0984	89.1319 99.2993	
