50	50
-1.6386 26.8641	5.5919 32.202	5.8976 32.1203	3.9479 26.8774	3.2775 26.3315	1.4568 25.4291	-0.6011 24.9454	-1.9314 25.2491	
34.3232 66.5691	42.2419 62.6477	51.5415 56.0372	49.5521 55.5812	33.6568 64.6733	33.4184 66.475	
20.1421 9.6682	27.1691 10.7028	29.4155 10.9839	34.907 9.6858	31.3062 7.3185	23.9247 6.2317	21.6673 6.3196	18.3722 7.7757	
6.9699 27.1929	6.9428 30.1183	7.0648 39.6319	9.4875 43.0969	10.8936 31.8597	10.7944 24.4433	9.6611 20.9086	
2.5729 49.0003	6.5095 41.3079	4.0966 41.5202	0.3583 48.611	0.1148 50.0624	0.2373 52.4737	
36.3724 26.3355	36.1148 41.6442	36.8443 49.3377	41.217 44.2803	39.521 30.2355	37.57 25.8474	
73.1459 58.6133	76.2097 44.6027	75.038 44.1393	73.6709 46.3608	71.3472 57.9783	71.2323 58.9636	72.036 59.8814	
58.8114 82.8943	66.16 74.5629	66.9028 73.6433	75.7642 62.5843	69.2309 65.1276	58.4546 78.4679	56.0278 82.7723	
46.2272 35.1714	46.7064 22.6135	45.5242 19.9462	43.093 26.5991	41.6629 35.6365	45.9779 41.5082	
92.2732 79.2676	92.3854 79.5774	97.2182 91.6979	97.8638 92.6767	99.5901 95.1877	100.2013 95.0953	99.2195 92.3848	96.5764 85.9072	95.6333 83.6755	93.1347 78.7988	
39.1496 7.7738	43.2159 8.3275	42.501 5.7843	41.8895 4.0029	27.9976 -0.9808	25.9589 -1.6663	22.5715 1.8265	
10.5485 108.6066	26.2374 97.0204	27.8727 94.7947	19.2251 98.4213	9.2287 105.4292	7.2321 107.1906	7.6079 107.8022	
59.3744 25.5591	61.6451 23.5772	63.8138 20.8946	70.6706 11.9257	73.6461 7.4977	70.314 5.9365	65.6505 11.7053	61.0103 17.5104	55.9228 24.8572	
4.0697 103.5076	7.2964 102.4845	14.7032 97.4364	19.162 93.0093	17.7204 93.1534	6.14 99.4193	0.8365 103.0339	
32.2553 15.8757	32.9365 10.64	30.4878 11.6182	26.2439 21.6805	25.6898 24.4567	28.608 26.8973	
49.9667 83.9258	47.0057 87.1173	47.6501 96.809	47.9632 98.4655	52.2564 95.2764	52.2878 94.8346	51.1705 83.6688	
