50	50
63.4524 43.2262	71.4975 46.4253	73.2222 47.1105	77.8863 48.8946	80.5822 49.315	81.0397 46.5874	78.7515 45.6037	65.5283 40.3501	62.9461 40.9246	60.8788 41.9934	
61.2905 17.522	70.0086 25.6027	73.2622 25.3912	73.1569 23.7636	72.6049 23.2519	62.2069 14.8704	
27.5096 51.0056	33.192 52.2569	37.6858 52.9163	39.3267 52.9518	42.2942 52.3292	38.1311 50.6251	31.1002 49.0769	26.2621 48.0441	
5.6237 60.5909	5.6521 55.2122	5.6438 52.8536	5.2475 47.8362	4.0411 47.8173	3.1494 48.9744	3.12 54.5464	3.6913 59.3818	4.3968 60.7949	
36.0725 55.5336	37.085 56.5633	41.4895 57.4866	42.3124 57.3558	44.9972 55.4031	44.4099 53.45	40.1978 52.7786	36.8387 53.5618	36.2604 53.8293	
36.6501 102.6563	38.9214 99.7923	45.3423 91.0259	43.1517 89.533	36.9364 97.1249	35.9577 98.359	36.0619 102.5926	
30.2011 35.5363	31.4906 35.9846	49.531 39.6994	46.5056 37.2098	41.5259 36.0872	34.454 34.5531	30.2291 34.1821	
37.101 33.796	43.1627 34.8761	61.9159 35.5789	58.0418 33.363	45.2395 31.2562	37.0512 32.206	36.1978 32.5207	
12.3689 105.5889	20.9486 97.3412	21.6177 95.7164	21.8846 93.3993	21.096 91.5404	13.1801 100.8035	10.035 105.0392	
24.9888 40.4212	27.2689 40.5511	28.9072 39.4394	28.0123 38.4308	26.4678 37.2718	20.2186 36.6668	16.2496 37.5637	14.4851 39.3221	
65.9227 77.3558	66.731 76.1294	72.3691 67.0672	70.5719 64.9316	63.1086 75.1115	63.431 76.1766	65.4898 77.6595	
21.6919 64.6924	35.3972 71.4906	37.8308 71.5854	39.0951 70.5106	37.4953 67.8123	23.1142 60.6789	
26.6558 100.7423	41.0684 87.1246	40.5865 86.0476	36.027 88.4451	25.8349 98.4449	25.6354 101.3262	
97.5807 70.442	103.9166 67.8214	104.0998 65.7436	99.6778 65.1555	98.4623 65.4941	96.5391 66.1058	94.3074 71.3446	
73.6912 69.9522	82.8195 78.8391	84.7424 78.7807	77.7803 70.0874	76.3923 68.8378	72.8567 68.893	
22.2467 10.4991	25.4612 26.2749	26.5807 30.1445	28.8004 32.4898	29.2775 28.5836	26.0054 12.7692	21.8939 6.7327	
