50	50
58.939 78.4744	78.3832 81.0104	78.6362 79.9286	73.6049 77.6706	64.9378 75.0406	63.6099 75.2891	62.0774 75.6707	55.1825 77.8494	
72.7284 12.0097	76.1628 1.5769	77.2552 -3.3168	77.5391 -6.6021	71.4193 4.3416	67.9108 14.9993	70.5676 17.2222	
3.0764 14.7263	21.245 19.8117	22.4322 15.876	3.1546 10.9176	
73.3414 31.5004	77.5855 32.2437	79.5775 31.2368	79.653 30.3416	78.7947 30.0295	71.2517 27.9014	69.7335 27.5268	66.2362 27.3494	63.7116 29.1241	
52.9588 70.8819	56.1764 64.8293	59.1176 58.7282	59.0781 56.2909	57.5027 58.9532	50.1956 71.6258	
59.8329 60.8588	62.087 55.099	64.8487 46.8118	65.4165 44.8643	62.8044 45.0325	59.6335 55.908	58.805 61.6675	
-4.4555 53.4653	8.6846 52.1503	14.0798 48.6714	-1.672 49.5969	-5.3553 49.8865	-11.7456 50.5259	-12.3353 52.2273	
97.6309 19.5015	99.0452 20.9877	101.3513 20.4706	98.9669 13.1931	92.0852 3.7254	85.5229 2.8436	
44.7781 0.7595	47.2232 7.6117	47.2782 7.7579	50.2629 14.3597	51.8349 12.6707	52.2378 10.3201	48.4861 0.3565	45.4987 -6.3591	42.8064 -6.9021	
80.2771 21.198	85.2868 14.7354	85.4144 10.8341	83.7883 11.4432	79.2962 16.2442	76.3449 19.8214	72.7455 25.778	73.8798 27.2648	
98.8838 65.3071	101.2842 57.1111	102.6624 52.1217	100.2841 53.3045	98.3128 54.727	93.5251 72.0591	94.332 73.7308	
37.6372 32.0401	39.7966 33.7627	41.8504 35.0579	43.7899 33.6094	41.7643 31.9367	33.0968 25.0222	32.4994 25.5093	
