50	50
28.7502 29.6842	41.8797 18.2543	41.925 16.4593	39.6045 16.5741	27.4503 25.6734	20.9541 33.126	21.3151 33.7161	
55.1061 29.6933	61.905 26.9777	61.0841 25.4744	41.4646 29.3421	37.7845 32.6011	
83.9603 12.6536	92.7503 10.8378	96.4007 9.7216	97.6994 8.6893	98.8358 6.748	93.2925 6.9575	85.2579 9.2968	78.6759 11.3094	
87.3852 50.5334	94.705 54.6825	95.444 53.9363	93.853 51.4102	86.5716 43.0877	83.301 39.9834	82.4145 40.0132	81.2291 41.0449	
5.8459 52.4488	5.9333 52.7404	10.0122 59.9417	10.6484 60.4796	11.7035 59.7169	7.6466 51.6108	4.9464 46.7023	
92.6001 39.0485	94.3138 43.9054	97.8634 45.4931	90.1684 23.3665	87.3583 23.976	
88.378 89.474	90.2179 80.1196	89.1331 79.0987	88.3886 79.1618	88.1058 79.4216	85.9237 89.6489	87.8424 91.9843	
61.4208 73.1831	58.4661 75.9103	60.1313 82.3007	61.5606 87.1647	64.7002 86.9867	65.2821 86.4731	62.7507 75.3143	62.0238 72.8406	
24.0164 94.9728	34.4659 95.6301	35.8535 95.2066	36.8185 94.0784	36.8347 93.6731	30.8658 92.4506	25.4748 92.236	21.2478 93.4157	
64.957 69.6511	66.8368 60.9781	67.8991 52.4248	67.7689 52.4594	65.3601 57.8935	65.228 58.503	63.9745 64.6553	63.2599 70.3118	63.669 70.9582	
45.7887 65.8389	46.7751 40.1086	45.7275 39.5979	43.0841 39.6475	42.8171 41.7634	42.8277 59.3239	44.2926 66.8343	
44.4555 22.929	47.6312 20.5132	50.5004 17.3845	49.4519 16.7751	48.0906 16.3645	40.0938 23.3745	40.6085 25.2208	40.7252 25.354	
90.0632 74.0668	90.3322 64.2979	88.9182 62.0255	86.9061 62.1436	86.8695 69.6387	89.2635 73.5664	89.6908 74.1956	
26.8433 24.5527	28.2096 22.4454	29.9454 18.5561	29.8809 17.2452	26.8368 16.7745	25.7852 17.6184	22.0415 23.3923	25.1415 26.5853	
53.7036 56.2012	59.2783 50.703	61.5378 45.6855	55.843 49.2222	49.5242 55.9412	50.8521 57.4084	
65.431 18.0187	66.5408 13.5258	68.9966 3.394	67.5655 3.0406	66.8961 3.4965	66.6131 3.9802	63.19 16.9586	61.8392 22.4196	61.6336 23.4158	63.4358 24.665	
