50	50
35.9453 44.6613	53.1332 38.7149	54.126 38.1534	48.6742 38.8933	38.0916 41.0434	32.5518 43.138	
52.4061 73.9662	52.4678 96.6935	55.136 97.9664	56.7993 94.8287	56.7556 78.732	55.0012 70.9207	
61.3796 82.6347	62.5277 85.1613	67.807 94.0871	73.6796 103.5692	74.6972 103.4232	76.2962 102.182	64.2874 80.9242	60.8383 79.9869	
84.0188 -12.2135	86.3961 15.3878	88.1166 15.7309	88.7613 15.7033	89.0719 15.2325	88.2294 -4.4715	86.9683 -13.3442	
49.6597 16.6629	54.8946 17.3474	60.9735 17.4977	63.2224 15.9965	56.2348 14.2473	49.6983 13.0914	48.3066 13.1319	
25.4039 39.3219	24.738 41.7281	24.908 42.9933	26.2758 49.081	29.2949 51.4886	29.5928 50.4634	28.6158 46.1148	26.713 38.5909	
86.2678 79.6637	87.1661 77.8022	89.8837 72.1186	84.5891 75.279	80.3064 84.1538	
26.944 32.8904	30.3643 35.1001	31.7387 35.7284	34.4131 36.8808	37.9689 34.7764	36.6673 33.4426	34.468 32.4287	31.4688 31.0575	20.2038 27.6864	
85.2612 39.9168	87.2062 37.1455	89.7768 32.956	92.4496 27.0511	95.9828 19.1558	95.8573 19.0744	94.9556 19.8566	83.588 37.3928	83.2479 39.8108	
78.2186 19.587	78.5208 12.2315	78.6521 8.6926	76.1328 6.0847	74.9967 8.6125	74.8484 19.9139	76.6406 22.6453	
43.9728 65.6538	55.8367 69.0474	57.932 66.2668	53.045 64.0245	49.3563 62.7779	47.3906 62.2889	38.0054 60.2097	
39.7873 47.6053	44.8268 45.6152	45.774 44.9547	46.9368 43.8557	47.6738 41.6259	39.0748 45.0216	38.8711 45.7242	
38.6825 67.241	41.0744 76.1587	41.8868 78.7303	44.8308 78.461	45.1278 76.9191	44.8385 73.4351	43.7847 69.5837	41.2487 63.7019	38.1344 64.554	
56.5295 6.6145	59.6909 5.4413	74.4083 -1.2773	75.4771 -2.5177	74.9186 -4.82	58.8981 2.1816	54.8496 4.0251	54.1422 7.1367	
22.0831 11.3764	40.5451 11.0427	48.4982 10.6081	44.9757 7.4498	41.5026 7.3317	32.7479 7.4899	21.9789 7.8501	
48.0275 24.7603	59.0988 22.9722	59.6142 22.4242	59.5721 21.1981	55.0852 21.1225	49.7928 21.5326	43.8546 23.1764	
