50	50
5.6582 104.8216	10.8145 103.3607	21.6373 96.8012	31.3612 90.7022	27.7197 89.2808	18.5344 94.6593	13.1109 97.9464	5.4425 104.5264	
53.3763 52.8602	54.4649 49.3268	56.9146 40.2682	55.35 39.2391	53.6682 39.6311	51.0035 45.7444	50.6132 52.9647	
82.7425 1.9368	83.3109 2.7259	84.9565 2.8394	92.7724 2.6773	98.1125 2.4317	97.7462 -0.4984	97.1272 -0.8375	82.4686 0.5098	
17.4523 72.0208	18.5411 71.9976	26.6501 71.5973	26.6061 69.5345	22.8623 69.4027	13.7379 69.395	12.5342 71.4061	
56.6263 22.5824	66.1902 19.6709	69.8908 17.3924	68.7456 16.7967	64.2661 18.0954	59.3635 19.9559	56.0014 22.3686	
17.1156 77.876	29.4686 75.3525	31.717 72.084	24.6653 72.2301	18.4767 73.885	15.1843 75.1378	15.4994 77.8815	
63.123 73.7172	63.281 77.741	67.321 81.3732	74.1686 85.3015	78.1438 86.9257	77.6393 84.8689	73.2983 79.9834	63.5362 72.4711	
37.7439 38.0091	43.6763 37.4207	48.0875 36.4492	48.5406 35.8023	47.4215 33.4914	44.2242 34.1412	41.9738 34.6368	41.195 34.8579	38.6685 35.9381	35.9963 37.6095	
6.2366 2.2229	11.3624 10.948	12.5588 10.8693	10.1112 1.9579	6.2043 -3.8199	3.3208 -5.1009	
46.2588 102.8574	62.0556 88.8339	58.0806 88.1421	44.2763 100.3934	44.1435 103.06	
8.428 25.7139	15.4485 17.5587	16.1586 15.5955	14.6491 14.9178	7.8106 23.2251	6.1529 26.1206	
82.4172 76.8196	85.7429 92.205	89.2079 89.8221	85.5387 72.8472	83.9348 71.6822	
