50	50
82.7069 51.8017	83.2779 62.9168	86.3208 63.4096	87.2108 61.1945	86.9141 54.0671	86.7339 49.7782	
63.4414 59.8292	68.5765 54.1957	68.4144 49.6409	65.9385 49.2401	62.1516 55.0957	54.932 67.4999	
6.3256 28.2864	9.7767 34.5734	11.4864 35.4567	12.1855 33.6032	8.1195 20.49	3.98 20.7217	
83.5076 93.8253	85.8743 83.7151	87.4331 69.6792	84.9642 69.1795	81.9186 96.6038	
51.2954 22.2438	54.36 22.7437	69.1631 14.4782	70.4095 9.7892	68.3517 10.6567	56.4631 17.2566	50.2854 21.8924	
94.9885 87.0206	95.923 90.8616	98.4178 93.4765	99.35 92.4843	94.9413 79.4865	94.4992 79.1179	94.2279 79.1801	
56.9156 95.1964	61.3925 98.0991	67.7697 101.2911	64.9171 97.6114	61.7597 95.5643	57.1994 94.6488	56.6972 94.8789	
71.3341 92.9733	81.277 101.9525	83.6708 103.4182	81.1876 99.6324	79.4888 97.4801	75.3632 93.5547	70.1349 91.8323	
14.3778 93.1881	14.5342 92.4089	11.3441 92.4612	8.5437 99.7847	8.0932 101.7878	7.9126 105.312	11.2085 107.282	
92.4744 5.4819	93.0092 5.1595	104.3195 -4.4304	104.4088 -4.7097	92.9201 1.871	86.9795 5.5779	85.9764 8.0134	86.4926 8.8698	
6.3641 63.0056	10.1544 54.3261	11.9311 49.7742	10.6645 49.1632	9.8094 49.7038	4.8967 62.0462	4.7557 63.2854	
98.387 39.81	97.8676 41.4751	97.7853 42.8203	97.8954 45.1792	99.0047 50.0408	100.9429 50.7136	99.5713 39.5498	99.0928 38.4988	
8.9485 12.0459	12.0857 11.0673	12.2772 7.8527	9.4744 -11.9436	5.514 -12.2119	
17.8811 32.7572	19.7954 30.2044	21.1991 27.9827	22.2113 24.1812	21.6748 22.2738	10.9031 39.4587	12.1486 40.2456	
43.0432 89.1859	43.0975 84.4892	41.3268 68.863	40.7365 75.6813	40.5805 89.1794	
46.5105 36.9985	47.6061 38.0617	50.9728 40.8949	57.8692 45.2564	57.8629 42.9189	46.7878 32.1717	45.3864 33.3931	
