50	50
35.9613 63.4323	40.853 76.7773	42.1778 77.7864	42.4999 73.6827	41.2583 70.2956	38.1798 64.0004	37.468 62.8747	
49.5018 66.0929	59.9481 44.3333	58.1487 40.5822	51.7867 52.1284	47.5724 62.0072	48.556 67.7332	
92.0227 64.0193	96.0432 65.465	98.1173 65.9621	96.7298 63.6747	85.7593 57.0925	84.0503 56.4031	81.7215 55.6138	81.3206 56.2748	
-4.2817 46.8919	5.2822 60.4006	6.1815 58.921	3.9411 53.9681	-2.8505 44.3752	-3.8617 44.3072	
62.0277 97.1065	78.8536 99.4498	80.9481 97.2036	78.1288 96.3903	61.3281 93.7033	
2.7691 92.5569	6.758 93.4927	12.3616 93.322	16.2255 93.0386	13.3589 91.5522	11.0537 91.1881	10.7644 91.1969	2.5409 91.7094	
53.5159 73.0306	55.3126 72.6305	69.264 68.894	69.0746 68.2008	68.9042 67.8065	58.8105 69.1233	54.5649 70.0688	52.2576 71.1549	50.13 72.3511	48.7991 73.4818	
31.2615 33.4174	34.2714 40.9195	34.8741 41.0432	37.5398 41.4437	33.1448 23.8798	32.27 21.4331	26.876 21.1522	
30.6574 9.4771	35.7348 4.4533	36.6498 1.8849	33.5252 1.9757	32.7831 2.5043	26.6102 7.3435	24.9316 10.6883	24.9147 11.6361	
19.7162 42.1325	33.5706 47.8799	37.965 47.9689	35.6755 44.7165	26.8715 41.3294	16.7661 39.6422	
11.3904 54.3097	18.0798 66.4995	18.6017 66.572	20.383 65.4697	12.7226 50.1006	12.4376 49.5813	9.0863 49.86	
78.9847 29.9665	83.3809 29.3477	83.5968 28.2615	82.5271 27.0961	80.5524 26.0653	73.1498 24.2791	67.6179 23.4084	65.9872 24.9657	63.3411 27.5043	
