50	50
32.938 96.035	34.7215 98.0309	39.6364 102.2455	41.5653 102.1491	42.0913 98.5263	30.0139 88.1696	26.2486 88.3675	
39.7027 60.6699	40.3101 60.795	46.9762 60.6256	47.7334 59.4564	47.9866 58.3711	48.1781 57.1762	40.6704 57.367	39.4624 57.6487	38.1454 58.3496	
28.1885 18.8411	27.6603 20.3802	30.8426 23.7976	34.4558 26.2728	35.6648 26.5925	36.4025 23.793	36.4209 23.2224	28.8093 17.8334	
98.9543 40.8404	100.1349 39.8572	95.4135 37.8237	92.5832 37.9045	85.8714 39.4132	82.392 40.8265	82.3996 43.6563	
76.4328 47.5656	80.2211 49.0112	88.2028 50.6873	89.0929 48.3156	83.9505 46.8686	79.6106 45.6528	75.2488 45.7477	
42.4848 64.7822	53.5676 75.9138	56.5575 77.8537	60.176 78.9652	47.858 66.0005	42.2767 61.6804	
17.96 19.678	20.5396 16.2769	20.1797 14.367	12.3147 18.7157	6.3216 22.2983	5.9775 22.9739	7.3507 25.4575	
70.7324 12.142	79.4044 15.754	77.2589 12.013	58.042 4.4392	57.1881 4.8039	
3.0153 99.5422	4.2885 97.0602	6.3116 92.1838	6.7004 89.6655	0.3821 96.3407	-2.7669 100.987	-3.5318 102.5586	-3.1116 105.5462	-1.0057 106.6265	
59.9716 18.6898	62.4687 26.0951	67.8265 31.2551	67.058 26.8561	63.7248 14.5204	62.7235 12.0288	58.7565 8.9041	58.6969 8.9202	
88.8365 91.4256	97.2524 85.6934	99.0394 83.0841	97.2729 80.5986	83.4183 90.0352	
18.3059 79.8909	25.4923 80.1532	29.7708 78.4597	36.932 73.9014	31.0725 74.2071	27.7104 74.911	20.9935 77.5695	17.966 79.1065	
