50	50
16.0741 77.267	18.3662 76.7653	29.2363 73.8107	27.331 71.5371	15.4186 74.1659	13.6178 74.6554	
31.6217 89.2459	34.5018 89.607	44.4393 90.7902	45.8507 90.9172	47.0643 87.4194	25.1525 84.6724	
70.0803 5.7261	76.1785 14.4147	77.065 15.4621	81.0396 19.5555	82.8365 18.1623	78.8095 12.9768	74.9593 8.4283	72.8297 6.6274	70.3868 4.739	69.681 4.5443	
75.7077 38.3186	79.4728 34.9873	77.9661 34.3866	72.7627 37.054	69.9346 39.915	68.459 42.3057	68.2395 42.7232	
15.7719 52.9377	24.1531 49.6354	25.4269 44.5318	14.1836 48.4336	11.9636 51.9588	
24.4287 2.7344	27.0199 4.5522	28.8256 5.4415	35.9635 8.2552	41.3428 9.9161	43.0736 7.6869	22.5818 -0.6125	
63.4585 59.4644	65.9314 61.4186	68.503 62.7625	70.0244 62.4172	70.723 61.0243	69.6302 60.1553	62.6939 54.8801	60.1421 56.8272	
-0.9647 48.2091	7.7165 35.134	11.6301 28.5131	8.4393 27.7572	7.4743 28.3758	6.4227 29.8715	-2.1568 42.7935	-2.963 46.6132	-2.7323 49.9932	
86.2912 85.3476	86.874 93.0256	89.9328 95.1405	90.2715 90.4541	87.9207 72.5448	
-2.9321 7.8428	-0.7871 10.732	11.0175 17.1024	12.1641 14.8951	11.6607 14.0977	-2.5543 6.1158	
45.008 74.1338	47.2804 64.4863	49.1997 53.5798	49.7631 49.8179	47.79 52.0256	46.2696 57.7976	44.8986 63.8062	43.2186 72.3815	42.9278 74.286	
76.8794 9.4152	79.0622 11.6738	90.8335 13.5854	93.2907 13.3132	94.0832 13.1646	94.257 12.2291	86.1682 10.5852	76.8202 9.0671	
