50	50
87.1344 79.8104	87.2917 80.7216	88.2218 85.6354	90.7031 88.6817	93.3399 88.3748	92.4244 82.134	91.6112 77.4244	
2.2289 59.0239	2.7332 64.4921	3.6179 71.7023	6.1796 72.7438	4.1908 49.1101	1.3298 47.3366	
15.5211 62.1972	16.2607 63.1452	36.1109 76.623	36.8567 72.9525	31.7363 68.0572	23.2104 62.0608	17.0682 57.943	
46.4887 13.4576	52.4219 11.0757	53.2048 10.1685	50.9264 9.1936	37.5679 13.5922	38.0672 16.1561	
48.2224 56.576	52.3435 56.5052	65.1159 50.0035	71.3942 44.6953	66.4845 45.5561	57.7037 49.7487	48.6425 54.3199	47.6178 55.399	
48.3412 30.0788	65.9146 38.365	66.7633 38.6226	65.559 35.0328	45.7776 23.8542	41.7859 26.6512	
30.8989 51.3333	43.6378 32.3171	40.6106 30.2374	35.5391 37.808	32.0673 43.0854	27.6772 50.149	
83.3451 73.3081	88.1464 72.1921	91.2339 69.7577	92.0303 69.0409	95.355 65.1481	90.5225 65.0991	85.4061 68.5622	81.6137 73.2154	
87.1576 43.0528	88.5761 43.257	91.4034 43.4923	96.5127 43.6226	94.5898 41.1124	79.8139 38.9858	76.3189 40.2993	
77.3197 90.0027	79.1529 96.5508	80.5402 101.5012	81.5523 104.267	82.8796 103.9625	84.3721 102.3119	81.381 89.5208	79.789 89.1227	
59.5539 86.4735	64.6889 86.9534	64.7464 84.1781	58.7088 80.7735	53.9472 82.3982	
39.0332 56.3775	40.146 52.3718	40.6807 48.7478	40.7684 45.0354	40.3992 44.2333	39.9909 44.1232	37.8023 45.0064	36.7852 51.3151	36.7684 52.0264	37.9355 57.2089	
