50	50
54.6326 53.7196	55.4108 42.4794	54.1479 41.2321	52.5454 41.0213	50.8879 44.2768	51.3108 55.0036	51.3464 55.3417	
43.0705 6.9257	49.9358 6.5713	50.2342 4.7704	45.7285 3.8985	44.2364 3.6674	42.4438 3.76	40.5281 4.8066	37.6324 6.9721	
14.8921 18.4497	15.7628 19.693	23.3105 29.1012	26.656 30.9905	26.2895 27.7923	23.8182 22.6852	22.2539 20.7353	15.2562 12.2665	12.011 13.7915	
65.3026 77.4363	66.7372 77.4597	70.9716 77.093	74.1906 76.4111	74.6486 75.8288	75.4227 73.0326	64.3648 74.3351	64.4407 75.2115	
46.7506 41.5983	49.6306 30.4854	50.04 27.2809	47.4756 30.8393	46.2387 34.5296	45.7604 36.4164	45.8763 40.4285	46.0037 41.3623	
52.2441 24.0312	57.3669 21.2321	58.2673 18.7174	58.591 16.0931	53.4367 18.5865	47.7521 21.3822	44.1269 23.3014	45.8302 27.1339	
-2.5392 24.7947	3.8589 19.1293	10.4137 13.127	10.015 11.6064	6.3533 14.4319	-0.724 20.3661	-5.5399 24.5548	-6.445 27.1059	
91.3144 77.6949	94.1867 88.4843	96.6985 91.7773	97.1242 91.4323	97.5251 84.6945	94.2146 72.2592	92.1932 72.3889	
-2.956 61.9407	5.9341 52.4268	8.7186 48.1883	5.4101 46.6848	4.0422 47.7824	-7.1861 60.1036	-4.3944 63.4339	
89.4141 48.3258	93.4963 60.2874	94.206 60.5804	98.219 61.0882	95.9088 54.5766	92.2736 48.068	88.8278 46.5826	
-0.2716 50.3571	4.1172 45.5873	7.356 39.0329	8.3998 35.7699	7.9726 35.9428	3.6142 40.0195	-0.9569 44.9875	-2.6825 48.8991	-1.7689 50.682	
65.2402 100.1386	72.6481 98.7991	76.8252 97.2188	78.9741 94.3578	75.9891 94.8976	55.9659 99.8642	50.8793 101.6654	
