50	50
3.8698 93.5958	8.0922 107.1663	10.6891 113.7789	14.5854 112.8679	7.3448 91.9079	5.9568 89.5706	4.1966 87.7001	
98.2041 58.9246	99.3821 58.9207	100.0104 56.7107	87.152 47.1895	81.1608 46.8953	
28.1316 87.7737	33.0152 90.4114	34.245 91.0513	35.3943 90.564	37.3749 88.5647	33.9264 86.7702	28.1779 84.1303	27.5825 84.7869	
66.5092 57.0527	76.691 63.6951	77.0886 62.8681	77.0449 60.3317	70.5789 55.7497	68.2726 54.61	65.2513 54.5891	65.0916 54.8145	
8.7974 6.3961	14.676 12.192	17.6108 14.3881	25.0082 18.216	27.2416 17.5012	23.5204 13.3102	22.8399 12.7072	10.1309 3.1974	
59.5918 15.8451	60.9183 14.1263	63.7727 6.2541	64.6026 3.9565	62.9262 2.4185	59.4733 11.9784	58.6924 16.0344	
7.8015 1.0124	9.8351 1.7142	13.7065 2.4863	28.7411 1.4878	33.0976 -1.3076	22.4774 -2.0139	10.152 -1.1954	7.2854 -0.4811	
38.3698 27.5026	41.4216 25.8335	50.5978 19.7597	48.1543 16.4382	44.2259 18.8706	40.821 21.1243	31.0159 28.5298	
18.8732 25.1134	17.9672 27.0843	20.0215 54.0226	21.1595 53.6967	23.0337 48.7489	23.0632 40.9941	22.3624 27.7334	20.4064 24.0581	
28.4045 46.4964	34.3789 43.7838	36.8523 40.265	34.8724 37.0127	31.5318 39.8173	26.303 44.7678	
89.7888 81.636	95.5043 78.5065	96.9244 77.5947	102.6733 73.8338	102.5972 73.1198	102.4388 72.873	88.7581 79.2548	88.1934 82.4495	
6.7269 63.0037	17.9304 66.2691	20.4994 66.3244	22.3345 65.1126	16.1248 62.3886	10.6153 60.7829	8.4191 60.4107	4.236 60.941	
81.8558 9.1819	81.9482 9.1773	87.3156 5.5141	90.9491 1.9849	93.5588 -1.2755	90.756 -0.6593	87.9624 0.7706	83.0289 5.0561	80.2577 7.7624	
25.502 91.5322	28.4393 75.4346	27.2701 67.9113	26.4267 68.3078	24.0812 73.6701	22.7717 81.3289	22.1353 85.2295	23.2028 90.6913	24.3429 92.1477	
37.7637 19.4753	38.1265 18.3625	37.4007 12.7169	35.5036 8.584	32.1729 9.3093	
90.0206 21.6268	90.7627 32.4445	92.3068 40.8846	94.1659 39.8363	94.2247 30.7014	93.8402 24.2767	93.3771 20.1594	
