50	50
61.0451 66.3384	63.2177 68.6631	66.8423 70.7408	67.5248 70.1317	68.3686 68.7196	67.937 68.1438	62.9376 62.6145	58.5748 60.8597	
51.0578 91.9575	63.4008 92.2369	67.2998 91.6776	68.774 91.3905	67.0343 89.3408	65.2149 89.3482	62.8775 89.5562	50.7893 91.2967	
45.9529 77.7979	50.1458 85.3816	53.2959 83.6849	52.5631 80.3353	46.1853 68.656	44.428 68.5761	
8.0675 66.8208	12.361 67.0761	18.4934 67.0503	18.9479 66.9596	15.7424 64.3203	12.4322 64.1234	-5.8253 63.0581	-6.9417 65.3123	
43.9781 7.3049	51.7594 15.5384	52.3377 15.7897	53.0983 12.9166	50.9669 10.4386	42.7648 1.7598	39.8237 2.7664	
22.956 42.9838	23.0713 44.163	31.6649 48.0825	33.4022 47.9641	31.2638 45.9474	31.0434 45.7453	22.9305 41.7857	
80.6472 96.4667	85.7487 104.4665	87.0692 105.7315	88.7699 106.7627	88.9233 105.5649	87.31 102.4867	86.4352 101.1149	82.9348 96.1791	80.5764 92.9626	
99.3199 37.7396	101.1862 37.8598	101.9015 35.869	93.8137 31.2581	88.1302 30.8006	87.2025 31.9664	
36.2048 89.6132	39.1283 89.6114	39.3008 88.9604	29.9705 84.551	21.9036 82.4143	18.0104 81.7388	15.4366 84.7846	
77.278 64.6554	82.051 51.2537	81.9874 50.7537	78.4374 47.8984	76.2632 54.2663	75.1572 60.0132	76.379 64.2494	76.4831 64.566	
1.7766 45.695	9.4412 38.7093	4.2529 39.7284	1.0088 42.4862	-3.4032 46.4091	-5.1931 48.2941	-3.7228 50.5846	
27.5596 66.3778	43.1064 55.2637	42.8594 53.5425	41.9067 52.8981	32.64 58.1174	26.8123 63.3313	26.3589 64.906	26.6337 66.6389	
83.3927 78.4133	83.8672 83.1752	85.5128 85.497	88.0428 81.2483	86.5573 67.267	84.3735 57.032	81.4037 56.8801	
60.1712 9.2302	75.2118 7.5346	79.0456 6.964	79.9834 5.8619	80.2712 4.9548	79.6233 3.6746	57.2118 7.0103	54.31 9.5615	
-2.0922 9.1953	-1.825 10.1912	3.0802 22.7492	4.3203 20.6918	3.3012 17.5708	0.8332 11.2523	-1.0356 6.9635	-2.8442 5.8114	
22.1339 72.9001	27.6073 71.1831	34.8729 68.2197	32.8371 65.3371	31.2921 65.7246	28.5797 66.5773	20.4841 69.1377	21.3617 71.9291	
