50	50
73.8263 58.8924	77.4168 63.1513	82.6882 67.8333	84.6609 66.173	85.4816 65.3493	82.8244 62.3191	73.7154 58.2767	
14.5251 14.3016	18.0655 19.8269	23.943 26.8648	25.0542 22.9648	16.6982 11.5592	
33.6181 -0.124	33.0884 2.7536	42.1662 14.8809	43.8553 10.9393	38.6631 3.0325	35.0263 -1.7947	
87.0557 2.1214	90.4373 4.9594	96.8655 10.3035	105.4881 15.6648	106.0851 14.9305	106.0497 13.7266	105.1398 12.4472	97.272 7.6807	87.2964 1.7024	
62.5664 48.5269	63.7649 60.1705	65.0237 61.6604	68.5351 59.4953	67.0395 44.965	62.9624 42.2872	
94.2393 93.9342	99.0377 97.9259	99.2514 97.5932	99.3486 94.5698	98.9924 93.9159	97.2944 92.7814	94.0776 91.0644	93.6566 90.8898	92.1601 91.1809	
3.939 82.8275	5.1411 82.6521	18.3579 80.1353	24.7294 78.6985	25.1125 76.4462	22.6857 76.004	1.9638 79.95	1.1173 82.0709	
57.3729 9.7163	66.7776 14.0604	75.8973 16.5628	70.0524 12.8254	67.1265 11.4739	56.3065 6.715	49.9695 6.0424	
6.7617 27.707	13.2044 19.2265	12.2787 18.3413	7.136 22.1849	6.8579 22.551	4.6698 26.5804	5.3591 28.1436	5.8097 28.62	
28.4846 33.8292	40.1467 56.2494	40.9381 55.0939	41.8224 52.698	32.4512 32.86	30.9 30.461	27.9527 31.2652	
40.2567 85.26	45.692 84.5423	47.4117 84.1598	56.6058 80.9389	55.9569 80.5329	53.1925 80.898	39.6549 82.826	
48.66 68.8515	50.9391 69.7357	52.9721 70.4884	57.7545 71.6657	62.4868 72.7957	63.3581 71.3181	46.7986 65.5388	45.9659 67.788	
29.8735 24.7403	40.0895 24.8756	45.1356 22.5902	44.6923 21.5387	43.6576 21.3523	28.8662 21.7116	27.8253 21.742	27.8759 23.5316	
33.7286 31.4065	38.209 39.104	39.3426 39.1323	40.592 37.8727	37.3035 31.676	34.0549 30.272	
40.0139 28.792	45.8306 27.2177	52.029 24.8924	51.5327 22.8704	50.5991 21.2062	39.0829 27.2648	
-3.666 49.6255	-1.3929 52.927	4.1664 60.327	7.3309 58.1382	7.0725 57.3382	-3.0229 44.664	
