50	50
51.5185 86.3708	62.2462 91.751	67.2222 93.7882	71.3598 91.3574	64.9761 88.0475	49.9107 81.6152	47.1774 83.8202	
49.1451 108.0937	49.7555 105.8804	53.2579 90.2925	52.4488 90.2246	51.1577 92.2122	48.1529 101.9583	47.7202 103.5269	47.6044 108.7229	
37.1947 54.5124	47.0963 62.5441	49.3445 63.1657	49.8465 61.6925	43.2819 56.3259	36.8066 51.4919	35.4493 52.7611	
-5.2977 12.1704	5.1556 16.8186	17.0199 21.692	20.8702 19.279	12.0367 15.3511	-4.0392 9.0865	-5.4609 11.0058	
84.8559 84.2056	96.6868 94.9787	103.2677 99.2184	95.2005 89.9995	92.2291 87.3762	86.3186 82.9005	85.027 82.9259	
62.7222 16.0255	62.3055 14.6158	61.624 12.5164	45.536 3.8421	41.2617 4.5353	
7.3144 49.2933	14.1769 56.0732	19.4767 61.2523	21.8917 62.5801	24.2705 63.5774	14.7981 52.7058	14.0086 51.9259	6.0449 44.2638	
64.71 -0.4311	65.2053 -0.1935	77.9502 5.5795	83.3886 5.8326	80.0793 2.5611	74.9078 0.08	70.0414 -1.795	63.6666 -3.732	
8.7304 44.0826	13.5641 46.1745	16.7884 47.119	19.3285 47.8173	17.4658 44.5641	11.1974 42.7782	5.3423 41.3804	
18.3048 91.0855	19.3505 89.625	21.6705 85.6564	22.2883 83.4849	23.4069 79.3111	21.5308 76.441	14.5069 88.4559	16.7501 93.2193	
23.6511 4.5108	28.6641 8.7613	33.2542 11.8478	46.1468 20.2163	47.1397 19.87	47.1951 19.7489	47.3523 17.8731	24.2976 3.0294	
-1.2452 34.1567	10.0535 37.3365	16.2169 38.7306	17.0493 38.7565	20.5884 37.5266	11.2591 35.1297	0.3154 32.9902	-1.2641 34.0791	
