50	50
77.8259 102.0206	79.5413 101.5885	80.4573 101.2408	91.1659 95.7874	87.4367 94.6443	81.8249 96.0577	79.5434 96.7374	78.786 96.967	76.2671 99.3043	76.529 101.8275	
68.7637 12.6717	74.9496 11.5222	84.6832 6.5146	86.3096 3.9134	75.3745 6.3557	67.4019 10.4573	
41.4698 70.0196	51.7181 60.4589	49.2286 60.6792	38.1211 66.3879	33.5325 68.9604	34.3261 70.666	
89.6072 32.0127	90.2121 35.5733	103.8692 49.8804	100.8754 39.9744	90.6051 29.8739	
25.1552 72.716	27.6923 78.1828	33.4417 90.2876	35.6217 90.4637	31.7251 77.4913	31.0867 76.1472	28.7405 72.8643	25.1951 72.5301	
67.7784 69.8997	69.0383 66.3585	70.0335 63.535	70.5926 60.3411	70.0255 60.2506	68.4217 60.3485	65.0403 69.9414	65.9701 70.3301	
39.3295 28.966	45.4835 26.3748	49.5262 23.1892	45.6073 21.9017	41.1494 23.1635	39.8897 23.5581	38.4159 28.5601	
66.8086 81.7789	65.703 80.009	63.9421 80.6958	61.5107 83.7789	57.8621 89.5285	56.126 95.2457	
68.9309 30.4298	80.1024 14.082	79.3234 12.4961	70.5429 24.1229	69.2167 26.1048	67.6251 31.7154	
8.6129 64.6917	16.82 56.3908	15.5563 50.9891	10.8316 55.7678	8.6984 57.9775	6.599 64.4291	
9.1338 25.9896	22.5981 18.3067	25.5286 15.0685	23.0427 14.784	14.9078 19.2912	5.7242 24.5315	
86.3368 69.6781	85.2909 69.2852	81.2946 69.3812	79.5081 72.8526	76.3604 80.4216	78.1843 85.276	
21.8084 63.0209	36.6551 51.9049	39.0941 49.1426	37.7143 46.1038	21.399 58.4424	21.4989 63.2051	
81.7187 46.4714	81.3584 37.6318	80.109 36.9583	79.1139 37.7456	78.4245 41.4073	78.1062 44.7408	78.0764 45.2112	78.122 48.4448	78.8324 53.581	81.0485 57.0505	
47.4966 58.4027	49.4957 58.0454	49.4995 55.2576	45.7218 53.8139	43.5562 53.7663	38.7889 54.2137	35.1639 57.9393	35.132 59.5632	
58.6884 35.8758	61.0666 20.8713	59.2605 20.7107	58.5274 24.2338	56.697 38.5942	
