50	50
3.9036 93.3677	7.359 90.1589	9.9556 87.7241	11.5958 83.3003	3.8909 87.6173	1.1362 91.2018	2.7481 93.0211	3.2464 93.5524	
43.6498 51.243	56.6578 48.6048	58.0869 47.4093	59.0507 45.8054	57.3097 46.0745	41.4018 49.3008	41.4622 49.9333	
65.5107 41.2535	66.5139 44.4632	68.3873 50.1549	70.6521 49.9693	70.9729 49.3039	67.9815 39.7329	65.4372 35.0057	
39.7594 98.86	59.6603 88.0551	61.2397 85.3785	59.328 85.1884	44.6577 91.7482	37.6189 95.3961	38.5154 98.9983	
91.7677 44.5132	93.0358 47.9536	98.7546 60.3092	100.393 59.8486	96.3032 47.8132	94.0184 41.4252	91.5465 40.2707	
36.2441 33.8176	38.4522 27.8457	40.6554 16.7126	36.8964 19.5473	35.0306 26.4584	30.7692 42.6045	
38.4128 70.9704	42.133 74.5374	46.0603 74.2952	40.1441 68.0385	27.3387 54.5823	24.3795 56.2239	
95.9045 87.2024	99.591 85.0347	92.0823 82.4495	83.4461 80.1879	80.0071 82.2459	
80.554 71.4544	82.3408 66.6581	78.6931 65.6708	75.2909 74.8034	74.9378 77.9791	
12.3161 31.5724	16.3618 22.2748	18.5653 15.1043	16.9765 14.9521	12.3072 25.7991	8.9438 34.6175	
14.5649 89.4248	13.6147 88.0321	12.5935 88.6294	6.8413 93.0059	1.6525 102.045	1.2158 102.9021	2.2696 106.1659	2.9243 106.5417	
84.1081 105.5045	85.271 98.9572	84.583 88.3447	84.4912 87.7549	81.7229 104.4411	81.4895 108.8847	
21.6013 32.4645	22.8694 38.5192	24.0205 41.4407	28.0598 42.9123	28.2087 42.8157	25.7187 30.9272	24.8644 28.0936	23.0376 27.3967	
-4.2606 -3.2244	-2.8874 -1.2274	4.1044 8.2003	4.1939 8.3162	6.4764 10.6916	8.4712 12.5462	10.2317 12.1233	1.4033 0.4592	-1.3857 -3.1506	-3.5565 -5.9272	-6.6912 -9.4417	
-1.6947 52.1825	16.5843 68.0873	18.8877 64.696	5.1573 52.609	-0.3148 50.2568	-2.392 51.5345	
77.1405 16.9459	86.5146 5.3741	89.6229 1.2991	92.1737 -2.2208	89.9548 -1.6252	85.7943 2.2441	76.3759 12.3906	75.2858 13.7362	75.2002 14.2159	75.189 15.6914	
