50	50
21.2026 88.4695	21.7738 91.2892	26.3522 104.5404	26.7947 102.7461	25.7933 96.956	24.2791 89.4816	22.2181 83.6826	19.8228 80.0218	
95.3499 50.9654	104.7008 34.0033	103.7794 32.4826	102.3889 31.2467	92.2391 49.658	
72.3573 64.9147	90.0398 72.2881	90.851 71.8092	92.6131 69.048	84.0908 65.4944	73.5982 61.3586	71.9805 62.2886	
2.766 93.4092	5.5933 91.4177	8.9605 87.6591	10.4347 85.1481	9.1888 83.2237	0.8027 92.5846	
49.1925 -9.4618	47.2241 -9.1065	44.1578 -0.8193	41.581 8.8428	40.6529 13.2191	44.0777 14.6572	
21.3536 44.0436	37.7961 39.2149	46.0488 35.4276	44.9193 35.28	35.4493 35.4843	33.8932 35.9413	22.3923 40.0299	21.3866 40.4868	19.8883 43.7159	
76.8153 85.1957	89.2146 88.6743	90.3451 87.5199	90.4146 87.2748	89.9153 85.773	87.9787 85.239	79.2501 83.2275	73.3357 83.0031	
40.5322 56.9189	39.1635 59.1617	39.5176 60.143	48.4586 68.8488	51.0709 71.1861	49.9544 67.0037	47.3801 62.486	46.2228 60.9247	45.3821 60.1726	41.0191 56.2726	
79.5434 4.633	84.2464 4.4001	99.4256 2.2209	102.5224 -0.3073	102.4892 -0.9767	81.8557 0.0453	79.707 0.48	78.4513 1.7215	
4.9042 22.7661	5.2355 22.5799	7.6248 21.1567	16.2348 15.0089	15.1525 11.3665	12.7897 12.8175	0.8761 21.0505	
89.1625 42.0993	88.9502 40.3101	86.7041 36.4075	85.2868 46.5465	87.9849 49.3978	
70.6359 27.4356	83.4205 30.5691	89.9322 31.7196	84.1621 28.4218	68.2489 23.9718	64.9882 25.8563	
