50	50
0.1537 77.8068	3.9868 87.0434	9.8883 91.4676	6.3222 82.8743	2.4599 74.768	-0.6283 72.9086	
88.0336 19.8612	87.7002 21.2736	91.2456 31.8739	93.4777 31.5076	93.3876 27.576	89.1635 19.4813	
35.163 71.6453	37.7171 76.887	40.5914 81.3055	46.6998 85.5043	47.0456 85.4224	46.8624 84.2052	38.2728 71.0007	36.4053 68.7127	
3.658 42.2748	10.6994 30.4401	10.5584 27.5224	2.5681 40.5933	1.7103 44.1512	
40.7117 13.7094	42.9783 16.9766	52.8628 28.571	52.6962 27.52	50.9633 23.9644	49.766 22.2001	43.2075 12.7458	42.3407 11.6034	
46.8739 46.8528	62.4172 46.5249	69.4915 45.9114	72.1525 45.6757	71.6779 45.5833	60.6087 44.917	54.8363 44.8204	50.7722 44.9274	46.2791 45.3171	
13.2749 23.2164	23.6434 23.8483	30.7553 23.1065	28.9588 22.2426	15.8891 21.1406	5.1533 20.4863	4.0833 20.7307	
74.807 8.273	78.9297 10.7672	91.2368 15.5923	92.5113 15.6605	78.8255 8.2226	72.9436 5.2067	
85.284 95.3337	89.0897 100.829	90.6352 102.3664	91.732 102.8794	92.9841 101.4687	89.8419 96.4664	88.1572 94.1691	86.6984 92.2476	84.0001 91.6121	
47.209 10.9277	50.4625 18.093	50.9812 13.8312	46.4092 3.305	43.9449 2.6886	
50.2671 82.4667	54.0017 64.7808	49.5197 64.0694	48.0811 70.8822	48.1145 82.8325	49.0618 84.2469	
56.0944 87.7634	57.1102 91.0231	58.736 93.5919	60.3656 95.8845	65.8175 103.0224	65.294 99.1499	56.8343 85.7125	55.76 86.3925	
